=== MetaDrive 观测数据结构分析 ===
观测数据类型: <class 'numpy.ndarray'>
观测数组形状: (259,)
观测数组数据类型: float32
观测数组最小值: -0.17164291441440582
观测数组最大值: 1.0
观测数组均值: 0.9541861414909363

=== 观测向量结构推测 ===
这是MetaDrive的标准观测向量(259维)，通常包含:
- 前几维: 主车状态 (位置、速度、朝向等)
- 中间部分: 激光雷达数据 (通常240维)
- 后面部分: 车道线检测、侧面检测器等

前20维(主车状态): [-0.17164291  0.3635026   0.5         0.01234568  0.5         0.5
  0.5         0.          0.5         0.55        0.465       0.
  0.5         0.5         0.95        0.46500003  0.          0.5
  0.5         1.        ]
第21-260维(可能是激光雷达): 长度239
激光雷达数据范围: [1.000, 1.000]
激光雷达数据均值: 1.000

完整观测向量:
[-0.17164291  0.3635026   0.5         0.01234568  0.5         0.5
  0.5         0.          0.5         0.55        0.465       0.
  0.5         0.5         0.95        0.46500003  0.          0.5
  0.5         1.          1.          1.          1.          1.
  1.          1.          1.          1.          1.          1.
  1.          1.          1.          1.          1.          1.
  1.          1.          1.          1.          1.          1.
  1.          1.          1.          1.          1.          1.
  1.          1.          1.          1.          1.          1.
  1.          1.          1.          1.          1.          1.
  1.          1.          1.          1.          1.          1.
  1.          1.          1.          1.          1.          1.
  1.          1.          1.          1.          1.          1.
  1.          1.          1.          1.          1.          1.
  1.          1.          1.          1.          1.          1.
  1.          1.          1.          1.          1.          1.
  1.          1.          1.          1.          1.          1.
  1.          1.          1.          1.          1.          1.
  1.          1.          1.          1.          1.          1.
  1.          1.          1.          1.          1.          1.
  1.          1.          1.          1.          1.          1.
  1.          1.          1.          1.          1.          1.
  1.          1.          1.          1.          1.          1.
  1.          1.          1.          1.          1.          1.
  1.          1.          1.          1.          1.          1.
  1.          1.          1.          1.          1.          1.
  1.          1.          1.          1.          1.          1.
  1.          1.          1.          1.          1.          1.
  1.          1.          1.          1.          1.          1.
  1.          1.          1.          1.          1.          1.
  1.          1.          1.          1.          1.          1.
  1.          1.          1.          1.          1.          1.
  1.          1.          1.          1.          1.          1.
  1.          1.          1.          1.          1.          1.
  1.          1.          1.          1.          1.          1.
  1.          1.          1.          1.          1.          1.
  1.          1.          1.          1.          1.          1.
  1.          1.          1.          1.          1.          1.
  1.          1.          1.          1.          1.          1.
  1.          1.          1.          1.          1.          1.
  1.          1.          1.          1.          1.          1.
  1.          1.          1.          1.          1.          1.
  1.          1.          1.          1.          1.          1.
  1.        ]
================================
